947
267 117
717 456
564 117
540 257
825 71
880 845
225 119
692 668
9 185
137 508
88 241
264 247
513 172
499 166
76 16
120 884
191 640
297 245
677 175
8 13
262 764
606 15
287 664
5 78
374 598
831 134
51 320
131 198
33 43
118 171
83 86
124 27
24 31
84 115
600 858
416 5
633 215
509 474
79 227
8 68
371 346
730 516
861 385
144 148
31 50
485 149
693 695
505 134
860 508
29 257
108 901
348 512
193 369
14 294
947 419
226 55
725 331
651 531
882 95
626 244
150 183
274 407
39 356
469 251
4 569
486 479
918 667
331 125
592 147
263 323
535 126
180 618
61 379
23 92
670 890
464 292
238 909
38 220
83 164
317 215
935 780
55 625
352 113
53 870
465 339
206 824
327 31
21 55
347 300
616 103
566 371
309 247
19 165
4 16
433 520
559 568
375 208
452 853
391 899
37 311
282 343
6 7
407 441
803 677
410 596
393 136
129 53
50 107
634 183
122 69
452 243
747 573
481 728
939 835
235 129
57 718
733 205
604 661
317 321
489 113
47 224
129 191
205 135
36 22
325 453
147 9
580 212
48 66
611 17
46 758
40 149
167 121
151 42
593 268
145 101
2 127
248 88
722 794
13 23
798 439
95 541
180 859
286 622
815 200
25 7
39 15
846 323
32 135
254 766
828 12
373 107
186 28
34 231
55 482
264 676
29 222
76 650
895 363
327 934
523 61
877 528
320 570
229 4
366 403
6 2
617 721
187 392
388 158
458 406
243 439
183 247
745 5
259 200
221 109
54 476
430 409
17 33
422 698
655 330
690 71
113 559
578 112
254 591
339 474
37 18
460 630
50 210
504 709
716 406
60 106
196 243
85 308
528 639
364 201
13 48
883 237
393 585
156 473
808 847
701 389
196 56
253 600
120 173
303 57
577 313
275 156
533 920
37 157
328 244
79 493
789 406
299 44
2 20
806 73
663 34
272 426
82 53
4 2
613 221
586 584
36 342
306 673
46 146
615 569
55 478
17 117
782 490
788 260
177 44
95 30
456 38
260 246
396 244
130 57
852 825
111 40
62 77
811 589
812 353
350 348
915 891
761 249
252 244
916 637
289 742
327 653
560 628
844 828
233 37
100 179
64 289
565 589
56 44
851 241
119 65
54 394
527 479
28 823
667 735
662 174
73 62
138 163
131 203
193 932
56 936
182 128
251 222
506 617
89 64
7 8
539 157
95 223
80 377
836 198
19 912
540 700
88 180
80 30
329 767
638 672
533 658
78 599
199 307
30 70
714 796
17 27
617 619
272 143
807 867
93 8
426 581
238 278
49 110
611 929
163 414
21 20
150 529
523 756
873 715
115 153
258 524
285 903
45 32
214 210
42 240
223 612
19 702
155 181
192 36
398 333
23 81
396 560
169 703
708 919
9 10
300 149
298 849
20 326
117 268
600 763
260 553
54 152
691 461
820 304
248 775
325 501
149 659
237 16
602 334
886 782
403 491
176 325
477 480
56 79
51 201
702 921
712 442
16 69
749 294
686 567
12 14
597 585
392 601
302 98
103 169
35 502
751 147
341 225
487 59
19 12
22 13
927 571
532 483
607 578
236 73
206 654
866 566
547 542
28 3
59 23
373 417
841 430
48 322
353 280
120 17
271 366
117 902
159 189
111 125
153 269
174 234
402 11
345 242
857 129
69 187
256 290
310 229
159 731
636 265
620 377
159 285
349 810
176 3
386 760
44 216
768 307
219 56
391 772
799 114
138 462
743 658
267 391
552 198
166 536
807 257
276 82
93 273
488 167
378 97
12 266
49 495
9 253
538 132
263 149
476 898
442 346
120 188
108 383
1 284
424 57
125 158
943 888
166 69
838 751
144 121
15 7
28 47
62 67
110 376
38 29
174 73
254 177
190 113
194 13
604 246
113 18
469 808
457 399
213 100
573 246
344 410
28 170
258 332
299 777
190 816
65 449
192 406
930 565
71 103
787 456
169 265
242 627
583 753
7 32
657 579
61 17
614 70
670 258
26 848
706 755
734 855
415 33
31 522
138 262
65 61
208 47
230 412
137 338
4 9
738 94
926 900
493 801
351 8
937 728
164 545
11 1
385 681
291 76
892 560
248 304
796 819
194 543
84 155
120 484
220 382
258 117
362 159
574 57
162 127
483 443
100 43
440 263
913 447
41 401
38 64
224 537
615 785
34 8
216 688
107 218
684 531
50 60
750 178
199 52
57 881
364 697
510 137
393 900
141 773
507 879
636 795
443 48
166 287
63 20
456 800
109 102
121 20
5 3
835 938
835 127
354 155
14 380
433 285
118 154
257 778
765 617
426 450
113 590
906 527
405 273
555 632
917 431
647 784
769 309
286 218
5 12
666 845
355 54
805 665
678 606
44 821
461 18
526 308
517 872
722 45
251 435
937 941
90 720
547 689
25 42
754 662
230 80
50 897
60 245
713 152
114 74
386 83
133 83
662 797
233 314
45 888
17 13
588 564
905 833
214 494
363 138
256 571
864 416
740 53
228 762
729 487
511 256
24 94
155 249
420 361
551 362
373 408
562 393
674 239
669 301
374 477
238 942
256 605
101 270
907 133
11 75
904 114
933 853
436 294
431 726
163 168
568 832
822 64
446 425
557 41
113 138
256 567
15 26
180 246
63 277
270 666
261 19
148 279
98 11
43 49
14 150
52 209
786 393
232 163
298 96
99 25
534 544
533 446
668 22
404 81
15 561
324 481
635 72
302 804
138 893
43 319
500 582
24 44
515 227
504 385
419 123
649 142
274 207
479 27
679 492
717 875
625 829
37 318
652 15
23 46
341 928
268 324
427 292
394 834
603 23
444 416
630 818
313 179
637 245
496 495
156 94
255 75
186 503
175 133
142 112
71 42
447 46
434 28
543 694
88 50
139 116
476 896
116 45
332 587
134 14
554 334
780 162
80 395
318 337
35 3
400 293
423 507
110 178
458 854
357 8
670 792
660 3
242 164
18 5
487 874
466 335
127 281
360 5
207 35
2 1
779 192
167 910
843 264
355 367
437 26
471 430
550 94
862 474
104 126
167 305
197 143
73 339
505 687
15 409
422 30
887 870
608 425
212 111
119 746
290 468
685 530
715 588
6 24
84 118
31 826
389 708
349 413
667 302
674 802
889 493
108 87
644 15
908 634
397 306
43 885
542 232
217 203
358 1
221 643
101 3
21 645
105 137
510 575
250 225
237 315
214 638
4 206
501 817
101 295
621 631
14 329
10 105
432 732
115 335
837 261
459 61
368 198
74 37
282 475
529 530
876 768
390 277
229 244
911 704
91 38
451 126
74 141
576 279
435 946
507 940
924 931
365 25
624 776
11 500
460 26
162 914
70 90
292 181
391 741
944 395
472 2
252 595
312 241
252 333
349 36
454 293
30 15
3 646
431 518
267 856
827 708
200 35
444 774
87 381
211 210
871 125
582 770
549 384
434 467
45 96
61 340
678 757
80 301
312 840
81 850
556 205
536 719
595 830
361 14
386 891
609 262
239 188
186 425
62 10
172 15
565 55
82 399
680 632
102 72
207 470
445 273
90 112
155 283
23 72
428 256
532 683
736 126
54 759
182 863
238 52
3 2
166 418
348 162
136 50
610 441
152 868
498 371
423 337
850 878
278 579
346 171
556 696
131 23
723 547
833 166
15 517
36 53
748 661
648 269
88 97
894 595
209 744
710 549
14 497
814 767
572 397
29 52
925 414
259 330
361 492
8 57
359 139
296 190
842 677
16 228
518 641
621 503
693 428
525 377
869 744
359 813
839 499
40 22
130 463
714 708
411 367
624 290
70 84
20 41
323 623
140 6
59 215
490 465
945 929
193 148
387 304
514 453
548 455
922 576
308 448
344 312
297 629
584 345
1 51
316 55
162 647
727 595
288 105
606 734
783 630
410 752
398 781
248 271
372 134
73 809
431 402
923 797
256 44
63 83
273 516
707 550
213 675
81 555
34 54
455 2
83 506
27 132
7 58
563 377
276 374
546 240
90 202
705 419
184 156
737 664
519 341
791 483
347 711
111 128
924 404
790 623
56 87
793 158
131 432
438 302
370 116
641 699
594 671
334 14
368 865
233 739
447 642
306 149
282 48
85 73
528 144
104 77
180 293
495 534
527 771
